Freq.	V(out)
1.00000000000000e+000	7.34211531763403e-003,7.37886269357225e-002
1.02329299228075e+000	7.68523053108982e-003,7.54755912994149e-002
1.04712854805090e+000	8.04423813284236e-003,7.71996022433335e-002
1.07151930523761e+000	8.41986063058498e-003,7.89613650638700e-002
1.09647819614318e+000	8.81285208038824e-003,8.07615905891739e-002
1.12201845430196e+000	9.22399933970003e-003,8.26009945736422e-002
1.14815362149688e+000	9.65412335793772e-003,8.44802970310978e-002
1.17489755493953e+000	1.01040805045311e-002,8.64002215024685e-002
1.20226443461741e+000	1.05747639341058e-002,8.83614942535552e-002
1.23026877081238e+000	1.10671049883090e-002,9.03648433982521e-002
1.25892541179417e+000	1.15820746335651e-002,9.24109979423340e-002
1.28824955169313e+000	1.21206849338164e-002,9.45006867426992e-002
1.31825673855641e+000	1.26839905570392e-002,9.66346373766913e-002
1.34896288259165e+000	1.32730903140384e-002,9.88135749158917e-002
1.38038426460288e+000	1.38891287277013e-002,1.01038220598509e-001
1.41253754462275e+000	1.45332976305410e-002,1.03309290394242e-001
1.44543977074593e+000	1.52068377879697e-002,1.05627493455252e-001
1.47910838816821e+000	1.59110405443194e-002,1.07993530446606e-001
1.51356124843621e+000	1.66472494881623e-002,1.10408091749342e-001
1.54881661891248e+000	1.74168621329755e-002,1.12871855529040e-001
1.58489319246111e+000	1.82213316086432e-002,1.15385485662584e-001
1.62181009735893e+000	1.90621683586908e-002,1.17949629515568e-001
1.65958690743756e+000	1.99409418374956e-002,1.20564915562622e-001
1.69824365246174e+000	2.08592822010141e-002,1.23231950842755e-001
1.73780082874937e+000	2.18188819838140e-002,1.25951318241676e-001
1.77827941003892e+000	2.28214977543794e-002,1.28723573592931e-001
1.81970085860998e+000	2.38689517397858e-002,1.31549242589641e-001
1.86208713666287e+000	2.49631334099060e-002,1.34428817498576e-001
1.90546071796325e+000	2.61060010103101e-002,1.37362753668351e-001
1.94984459975804e+000	2.72995830319569e-002,1.40351465823584e-001
1.99526231496888e+000	2.85459796046529e-002,1.43395324137043e-001
2.04173794466953e+000	2.98473638000547e-002,1.46494650072012e-001
2.08929613085404e+000	3.12059828287405e-002,1.49649711987445e-001
2.13796208950223e+000	3.26241591145534e-002,1.52860720498887e-001
2.18776162394955e+000	3.41042912280375e-002,1.56127823588679e-001
2.23872113856834e+000	3.56488546593547e-002,1.59451101459597e-001
2.29086765276777e+000	3.72604024095746e-002,1.62830561126895e-001
2.34422881531992e+000	3.89415653776966e-002,1.66266130744636e-001
2.39883291901949e+000	4.06950525191880e-002,1.69757653663309e-001
2.45470891568503e+000	4.25236507502184e-002,1.73304882217010e-001
2.51188643150958e+000	4.44302245701464e-002,1.76907471239950e-001
2.57039578276886e+000	4.64177153731951e-002,1.80564971313730e-001
2.63026799189538e+000	4.84891404186397e-002,1.84276821748755e-001
2.69153480392691e+000	5.06475914272479e-002,1.88042343305285e-001
2.75422870333816e+000	5.28962327701951e-002,1.91860730662069e-001
2.81838293126445e+000	5.52382992152268e-002,1.95731044643167e-001
2.88403150312660e+000	5.76770931935001e-002,1.99652204216530e-001
2.95120922666638e+000	6.02159815493457e-002,2.03622978281177e-001
3.01995172040201e+000	6.28583917341579e-002,2.07641977263378e-001
3.09029543251359e+000	6.56078074048177e-002,2.11707644546095e-001
3.16227766016837e+000	6.84677633864998e-002,2.15818247760168e-001
3.23593656929628e+000	7.14418399594601e-002,2.19971869970177e-001
3.31131121482591e+000	7.45336564295135e-002,2.24166400792770e-001
3.38844156139202e+000	7.77468639424131e-002,2.28399527490308e-001
3.46736850452531e+000	8.10851375033223e-002,2.32668726088078e-001
3.54813389233575e+000	8.45521671640642e-002,2.36971252568962e-001
3.63078054770101e+000	8.81516483429150e-002,2.41304134205282e-001
3.71535229097172e+000	9.18872712444221e-002,2.45664161093595e-001
3.80189396320560e+000	9.57627093501706e-002,2.50047877964358e-001
3.89045144994280e+000	9.97816069556058e-002,2.54451576344614e-001
3.98107170553496e+000	1.03947565733042e-001,2.58871287158041e-001
4.07380277804112e+000	1.08264130306892e-001,2.63302773852855e-001
4.16869383470335e+000	1.12734772833971e-001,2.67741526153943e-001
4.26579518801592e+000	1.17362876589524e-001,2.72182754541239e-001
4.36515832240165e+000	1.22151718568407e-001,2.76621385561537e-001
4.46683592150962e+000	1.27104451120661e-001,2.81052058085540e-001
4.57088189614874e+000	1.32224082651512e-001,2.85469120625853e-001
4.67735141287197e+000	1.37513457427658e-001,2.89866629834681e-001
4.78630092322637e+000	1.42975234544461e-001,2.94238350301945e-001
4.89778819368445e+000	1.48611866122308e-001,2.98577755775351e-001
5.01187233627271e+000	1.54425574814908e-001,3.02878031923323e-001
5.12861383991364e+000	1.60418330727432e-001,3.07132080759551e-001
5.24807460249771e+000	1.66591827858128e-001,3.11332526844004e-001
5.37031796370252e+000	1.72947460193110e-001,3.15471725369454e-001
5.49540873857623e+000	1.79486297600288e-001,3.19541772234718e-001
5.62341325190348e+000	1.86209061684526e-001,3.23534516195809e-001
5.75439937337156e+000	1.93116101781937e-001,3.27441573173840e-001
5.88843655355588e+000	2.00207371286347e-001,3.31254342783941e-001
6.02559586074356e+000	2.07482404515082e-001,3.34964027132317e-001
6.16595001861481e+000	2.14940294334042e-001,3.38561651909247e-001
6.30957344480192e+000	2.22579670773039e-001,3.42038089783993e-001
6.45654229034654e+000	2.30398680871379e-001,3.45384086083774e-001
6.60693448007594e+000	2.38394970000105e-001,3.48590286712914e-001
6.76082975391980e+000	2.46565664910933e-001,3.51647268240679e-001
6.91830970918935e+000	2.54907358762306e-001,3.54545570057051e-001
7.07945784384136e+000	2.63416098369848e-001,3.57275728465549e-001
7.24435960074988e+000	2.72087373921529e-001,3.59828312551261e-001
7.41310241300916e+000	2.80916111386830e-001,3.62193961631277e-001
7.58577575029182e+000	2.89896667834004e-001,3.64363424064118e-001
7.76247116628690e+000	2.99022829850005e-001,3.66327597165175e-001
7.94328234724279e+000	3.08287815233893e-001,3.68077567947258e-001
8.12830516164097e+000	3.17684278106613e-001,3.69604654379742e-001
8.31763771102669e+000	3.27204317548114e-001,3.70900446837112e-001
8.51138038202374e+000	3.36839489837324e-001,3.71956849388639e-001
8.70963589956078e+000	3.46580824331751e-001,3.72766120566052e-001
8.91250938133743e+000	3.56418842982103e-001,3.73320913235866e-001
9.12010839355907e+000	3.66343583433963e-001,3.73614313198178e-001
9.33254300796988e+000	3.76344625623803e-001,3.73639876134341e-001
9.54992586021433e+000	3.86411121731420e-001,3.73391662532519e-001
9.77237220955808e+000	3.96531829305965e-001,3.72864270232668e-001
9.99999999999997e+000	4.06695147339102e-001,3.72052864251132e-001
1.02329299228075e+001	4.16889155017242e-001,3.70953203569559e-001
1.04712854805090e+001	4.27101652846233e-001,3.69561664603055e-001
1.07151930523760e+001	4.37320205807182e-001,3.67875261097907e-001
1.09647819614318e+001	4.47532188171966e-001,3.65891660249349e-001
1.12201845430196e+001	4.57724829582159e-001,3.63609194873963e-001
1.14815362149688e+001	4.67885261976253e-001,3.61026871518712e-001
1.17489755493953e+001	4.78000566937373e-001,3.58144374438308e-001
1.20226443461741e+001	4.88057823027880e-001,3.54962065423792e-001
1.23026877081238e+001	4.98044152678009e-001,3.51480979516775e-001
1.25892541179416e+001	5.07946768203459e-001,3.47702816694870e-001
1.28824955169313e+001	5.17753016541123e-001,3.43629929663280e-001
1.31825673855640e+001	5.27450422312757e-001,3.39265307934598e-001
1.34896288259165e+001	5.37026728852962e-001,3.34612558422515e-001
1.38038426460288e+001	5.46469936869554e-001,3.29675882814711e-001
1.41253754462275e+001	5.55768340440805e-001,3.24460052024945e-001
1.44543977074592e+001	5.64910560094219e-001,3.18970378053790e-001
1.47910838816820e+001	5.73885572754596e-001,3.13212683611111e-001
1.51356124843620e+001	5.82682738394380e-001,3.07193269871043e-001
1.54881661891248e+001	5.91291823265665e-001,3.00918882741712e-001
1.58489319246111e+001	5.99703019639909e-001,2.94396678037348e-001
1.62181009735892e+001	6.07906962027563e-001,2.87634185939827e-001
1.65958690743755e+001	6.15894739894608e-001,2.80639275130397e-001
1.69824365246174e+001	6.23657906935740e-001,2.73420116960739e-001
1.73780082874937e+001	6.31188487003965e-001,2.65985150016039e-001
1.77827941003892e+001	6.38478976833180e-001,2.58343045401978e-001
1.81970085860998e+001	6.45522345723512e-001,2.50502673063044e-001
1.86208713666286e+001	6.52312032388248e-001,2.42473069412002e-001
1.90546071796324e+001	6.58841939186224e-001,2.34263406520281e-001
1.94984459975804e+001	6.65106423984120e-001,2.25882963087215e-001
1.99526231496887e+001	6.71100289909367e-001,2.17341097372966e-001
2.04173794466952e+001	6.76818773266346e-001,2.08647222246335e-001
2.08929613085403e+001	6.82257529896382e-001,1.99810782464852e-001
2.13796208950222e+001	6.87412620265884e-001,1.90841234271243e-001
2.18776162394954e+001	6.92280493567122e-001,1.81748027357860e-001
2.23872113856833e+001	6.96857971112909e-001,1.72540589219376e-001
2.29086765276776e+001	7.01142229300054e-001,1.63228311884311e-001
2.34422881531991e+001	7.05130782407379e-001,1.53820540987928e-001
2.39883291901948e+001	7.08821465482519e-001,1.44326567123049e-001
2.45470891568502e+001	7.12212417558101e-001,1.34755619381309e-001
2.51188643150957e+001	7.15302065422489e-001,1.25116860975638e-001
2.57039578276885e+001	7.18089108153403e-001,1.15419386815077e-001
2.63026799189537e+001	7.20572502604656e-001,1.05672222885679e-001
2.69153480392690e+001	7.22751450017209e-001,9.58843272759295e-002
2.75422870333815e+001	7.24625383906047e-001,8.60645926720096e-002
2.81838293126444e+001	7.26193959354063e-001,7.62218501370964e-002
2.88403150312659e+001	7.27457043823541e-001,6.63648739797228e-002
2.95120922666637e+001	7.28414709574880e-001,5.65023875089575e-002
3.01995172040200e+001	7.29067227761267e-001,4.66430694686845e-002
3.09029543251358e+001	7.29415064246873e-001,3.67955609394908e-002
3.16227766016837e+001	7.29458877175175e-001,2.69684724946070e-002
3.23593656929627e+001	7.29199516292995e-001,1.71703913958740e-002
3.31131121482590e+001	7.28638024015078e-001,7.40988861681974e-003
3.38844156139201e+001	7.27775638193333e-001,-2.30447451732418e-003
3.46736850452530e+001	7.26613796534434e-001,-1.19641402786108e-002
3.54813389233574e+001	7.25154142589325e-001,-2.15605492743782e-002
3.63078054770100e+001	7.23398533218349e-001,-3.10851361668187e-002
3.71535229097171e+001	7.21349047416267e-001,-4.05293265574580e-002
3.80189396320559e+001	7.19007996362590e-001,-4.98845352090302e-002
3.89045144994279e+001	7.16377934544369e-001,-5.91421657645836e-002
3.98107170553495e+001	7.13461671781101e-001,-6.82936121091918e-002
4.07380277804111e+001	7.10262285964942e-001,-7.73302615033769e-002
4.16869383470333e+001	7.06783136314020e-001,-8.62434995991883e-002
4.26579518801591e+001	7.03027876922699e-001,-9.50247174298961e-002
4.36515832240164e+001	6.99000470380267e-001,-1.03665320442423e-001
4.46683592150961e+001	6.94705201219086e-001,-1.12156739618098e-001
4.57088189614873e+001	6.90146688944898e-001,-1.20490444702056e-001
4.67735141287196e+001	6.85329900396130e-001,-1.28657959534958e-001
4.78630092322636e+001	6.80260161175884e-001,-1.36650879452662e-001
4.89778819368444e+001	6.74943165900120e-001,-1.44460890690518e-001
5.01187233627270e+001	6.69384987008609e-001,-1.52079791699186e-001
5.12861383991362e+001	6.63592081891728e-001,-1.59499516248814e-001
5.24807460249770e+001	6.57571298096307e-001,-1.66712158168408e-001
5.37031796370250e+001	6.51329876387595e-001,-1.73709997537714e-001
5.49540873857622e+001	6.44875451462090e-001,-1.80485528120451e-001
5.62341325190346e+001	6.38216050127409e-001,-1.87031485800880e-001
5.75439937337154e+001	6.31360086790546e-001,-1.93340877760788e-001
5.88843655355586e+001	6.24316356124483e-001,-1.99407012111885e-001
6.02559586074355e+001	6.17094022815027e-001,-2.05223527679593e-001
6.16595001861479e+001	6.09702608324486e-001,-2.10784423618975e-001
6.30957344480190e+001	6.02151974645991e-001,-2.16084088532472e-001
6.45654229034652e+001	5.94452305061293e-001,-2.21117328752664e-001
6.60693448007593e+001	5.86614081955218e-001,-2.25879395451725e-001
6.76082975391978e+001	5.78648061780817e-001,-2.30366010242945e-001
6.91830970918933e+001	5.70565247310041e-001,-2.34573388948645e-001
7.07945784384134e+001	5.62376857344563e-001,-2.38498263223255e-001
7.24435960074986e+001	5.54094294099540e-001,-2.42137899739905e-001
7.41310241300914e+001	5.45729108508777e-001,-2.45490116673672e-001
7.58577575029180e+001	5.37292963732226e-001,-2.48553297244024e-001
7.76247116628688e+001	5.28797597175355e-001,-2.51326400112774e-001
7.94328234724277e+001	5.20254781353967e-001,-2.53808966471251e-001
8.12830516164095e+001	5.11676283957122e-001,-2.56001123690893e-001
8.31763771102667e+001	5.03073827474372e-001,-2.57903585454216e-001
8.51138038202372e+001	4.94459048761358e-001,-2.59517648327366e-001
8.70963589956076e+001	4.85843458919792e-001,-2.60845184780341e-001
8.91250938133741e+001	4.77238403863769e-001,-2.61888632705634e-001
9.12010839355905e+001	4.68655025934598e-001,-2.62650981529588e-001
9.33254300796986e+001	4.60104226910880e-001,-2.63135755052446e-001
9.54992586021431e+001	4.51596632740016e-001,-2.63346991192013e-001
9.77237220955805e+001	4.43142560291939e-001,-2.63289218841470e-001
9.99999999999995e+001	4.34751986406495e-001,-2.62967432083462e-001
1.02329299228075e+002	4.26434519472913e-001,-2.62387062029744e-001
1.04712854805089e+002	4.18199373744228e-001,-2.61553946577907e-001
1.07151930523760e+002	4.10055346551838e-001,-2.60474298393908e-001
1.09647819614318e+002	4.02010798546595e-001,-2.59154671441013e-001
1.12201845430196e+002	3.94073637053577e-001,-2.57601926382463e-001
1.14815362149688e+002	3.86251302588743e-001,-2.55823195186700e-001
1.17489755493952e+002	3.78550758547796e-001,-2.53825845260649e-001
1.20226443461741e+002	3.70978484041286e-001,-2.51617443428555e-001
1.23026877081237e+002	3.63540469815969e-001,-2.49205720061769e-001
1.25892541179416e+002	3.56242217171118e-001,-2.46598533648970e-001
1.28824955169313e+002	3.49088739750177e-001,-2.43803836077260e-001
1.31825673855640e+002	3.42084568063333e-001,-2.40829638872820e-001
1.34896288259165e+002	3.35233756575272e-001,-2.37683980625993e-001
1.38038426460288e+002	3.28539893174757e-001,-2.34374895800316e-001
1.41253754462275e+002	3.22006110828848e-001,-2.30910385098699e-001
1.44543977074592e+002	3.15635101214289e-001,-2.27298387533178e-001
1.47910838816820e+002	3.09429130111940e-001,-2.23546754317938e-001
1.51356124843620e+002	3.03390054346745e-001,-2.19663224679079e-001
1.54881661891247e+002	2.97519340055506e-001,-2.15655403649211e-001
1.58489319246110e+002	2.91818082067286e-001,-2.11530741890839e-001
1.62181009735892e+002	2.86287024186392e-001,-2.07296517569823e-001
1.65958690743755e+002	2.80926580175167e-001,-2.02959820279292e-001
1.69824365246173e+002	2.75736855243011e-001,-1.98527536995298e-001
1.73780082874936e+002	2.70717667858729e-001,-1.94006340028479e-001
1.77827941003891e+002	2.65868571715236e-001,-1.89402676920945e-001
1.81970085860997e+002	2.61188877688443e-001,-1.84722762224712e-001
1.86208713666286e+002	2.56677675645562e-001,-1.79972571087081e-001
1.90546071796323e+002	2.52333855971807e-001,-1.75157834559481e-001
1.94984459975803e+002	2.48156130698313e-001,-1.70284036539289e-001
1.99526231496887e+002	2.44143054127768e-001,-1.65356412248925e-001
2.04173794466952e+002	2.40293042867671e-001,-1.60379948152973e-001
2.08929613085403e+002	2.36604395194016e-001,-1.55359383212050e-001
2.13796208950222e+002	2.33075309680491e-001,-1.50299211371457e-001
2.18776162394954e+002	2.29703903039872e-001,-1.45203685183235e-001
2.23872113856832e+002	2.26488227135070e-001,-1.40076820461779e-001
2.29086765276776e+002	2.23426285127206e-001,-1.34922401875747e-001
2.34422881531991e+002	2.20516046737127e-001,-1.29743989382176e-001
2.39883291901947e+002	2.17755462604903e-001,-1.24544925412625e-001
2.45470891568501e+002	2.15142477739053e-001,-1.19328342725492e-001
2.51188643150956e+002	2.12675044053552e-001,-1.14097172843314e-001
2.57039578276885e+002	2.10351131996135e-001,-1.08854154998829e-001
2.63026799189536e+002	2.08168741275990e-001,-1.03601845518566e-001
2.69153480392690e+002	2.06125910702735e-001,-9.83426275778965e-002
2.75422870333815e+002	2.04220727151650e-001,-9.30787212664558e-002
2.81838293126443e+002	2.02451333672452e-001,-8.78121939078287e-002
2.88403150312659e+002	2.00815936760656e-001,-8.25449705821088e-002
2.95120922666637e+002	1.99312812811659e-001,-7.72788448044767e-002
3.01995172040200e+002	1.97940313778335e-001,-7.20154893171692e-002
3.09029543251357e+002	1.96696872053022e-001,-6.67564669561410e-002
3.16227766016836e+002	1.95581004594588e-001,-6.15032415572922e-002
3.23593656929626e+002	1.94591316320591e-001,-5.62571888703425e-002
3.31131121482589e+002	1.93726502783705e-001,-5.10196074512545e-002
3.38844156139200e+002	1.92985352150433e-001,-4.57917295065262e-002
3.46736850452529e+002	1.92366746498827e-001,-4.05747316646880e-002
3.54813389233573e+002	1.91869662450500e-001,-3.53697456519417e-002
3.63078054770099e+002	1.91493171150724e-001,-3.01778688500747e-002
3.71535229097170e+002	1.91236437608863e-001,-2.50001747155706e-002
3.80189396320558e+002	1.91098719409884e-001,-1.98377230392317e-002
3.89045144994278e+002	1.91079364806270e-001,-1.46915700256355e-002
3.98107170553494e+002	1.91177810198323e-001,-9.56277817138668e-003
4.07380277804110e+002	1.91393577009711e-001,-4.45242592040842e-003
4.16869383470332e+002	1.91726267964129e-001,6.38382926525710e-004
4.26579518801589e+002	1.92175562768303e-001,5.70851007217034e-003
4.36515832240163e+002	1.92741213206079e-001,1.07567738788753e-002
4.46683592150960e+002	1.93423037648334e-001,1.57819408479880e-002
4.57088189614872e+002	1.94220914983674e-001,2.07827174523134e-002
4.67735141287195e+002	1.95134777975609e-001,2.57577423535927e-002
4.78630092322635e+002	1.96164606053010e-001,3.07055790393125e-002
4.89778819368443e+002	1.97310417542236e-001,3.56247089155759e-002
5.01187233627268e+002	1.98572261351438e-001,4.05135248951876e-002
5.12861383991361e+002	1.99950208120102e-001,4.53703255224679e-002
5.24807460249769e+002	2.01444340850055e-001,5.01933096785521e-002
5.37031796370249e+002	2.03054745037821e-001,5.49805719129670e-002
5.49540873857620e+002	2.04781498332399e-001,5.97300984490377e-002
5.62341325190345e+002	2.06624659747289e-001,6.44397639120801e-002
5.75439937337152e+002	2.08584258460843e-001,6.91073288302793e-002
5.88843655355584e+002	2.10660282244713e-001,7.37304379585831e-002
6.02559586074353e+002	2.12852665566374e-001,7.83066194757189e-002
6.16595001861477e+002	2.15161277418216e-001,8.28332851035311e-002
6.30957344480188e+002	2.17585908932569e-001,8.73077311961062e-002
6.45654229034650e+002	2.20126260849097e-001,9.17271408435481e-002
6.60693448007591e+002	2.22781930908210e-001,9.60885870317047e-002
6.76082975391976e+002	2.25552401251324e-001,1.00389036894553e-001
6.91830970918931e+002	2.28437025915906e-001,1.04625357090288e-001
7.07945784384132e+002	2.31435018520005e-001,1.08794320325381e-001
7.24435960074984e+002	2.34545440237357e-001,1.12892613042961e-001
7.41310241300911e+002	2.37767188169890e-001,1.16916844282823e-001
7.58577575029177e+002	2.41098984229426e-001,1.20863555710237e-001
7.76247116628685e+002	2.44539364644378e-001,1.24729232799516e-001
7.94328234724275e+002	2.48086670210073e-001,1.28510317146167e-001
8.12830516164092e+002	2.51739037402836e-001,1.32203219868422e-001
8.31763771102664e+002	2.55494390478003e-001,1.35804336045242e-001
8.51138038202369e+002	2.59350434670307e-001,1.39310060123645e-001
8.70963589956073e+002	2.63304650611694e-001,1.42716802213663e-001
8.91250938133738e+002	2.67354290076194e-001,1.46021005174585e-001
9.12010839355902e+002	2.71496373154155e-001,1.49219162381698e-001
9.33254300796983e+002	2.75727686948743e-001,1.52307836048761e-001
9.54992586021428e+002	2.80044785876206e-001,1.55283675968210e-001
9.77237220955802e+002	2.84443993638030e-001,1.58143438518981e-001
9.99999999999991e+002	2.88921406917817e-001,1.60884005781056e-001
1.02329299228075e+003	2.93472900838765e-001,1.63502404586801e-001
1.04712854805089e+003	2.98094136199081e-001,1.65995825332061e-001
1.07151930523760e+003	3.02780568482885e-001,1.68361640365147e-001
1.09647819614318e+003	3.07527458623380e-001,1.70597421769469e-001
1.12201845430195e+003	3.12329885473687e-001,1.72700958355836e-001
1.14815362149687e+003	3.17182759919034e-001,1.74670271683538e-001
1.17489755493952e+003	3.22080840542528e-001,1.76503630935199e-001
1.20226443461740e+003	3.27018750735714e-001,1.78199566479229e-001
1.23026877081237e+003	3.31990997125205e-001,1.79756881965276e-001
1.25892541179416e+003	3.36991989168056e-001,1.81174664812401e-001
1.28824955169312e+003	3.42016059751811e-001,1.82452294966462e-001
1.31825673855640e+003	3.47057486620528e-001,1.83589451822258e-001
1.34896288259164e+003	3.52110514436049e-001,1.84586119226910e-001
1.38038426460287e+003	3.57169377274389e-001,1.85442588503453e-001
1.41253754462274e+003	3.62228321350885e-001,1.86159459457278e-001
1.44543977074591e+003	3.67281627764480e-001,1.86737639352346e-001
1.47910838816819e+003	3.72323635051636e-001,1.87178339868702e-001
1.51356124843619e+003	3.77348761343554e-001,1.87483072077086e-001
1.54881661891247e+003	3.82351525926810e-001,1.87653639490071e-001
1.58489319246110e+003	3.87326570016876e-001,1.87692129271591e-001
1.62181009735891e+003	3.92268676566158e-001,1.87600901707628e-001
1.65958690743754e+003	3.97172788942817e-001,1.87382578059766e-001
1.69824365246173e+003	4.02034028333467e-001,1.87040026940025e-001
1.73780082874936e+003	4.06847709741434e-001,1.86576349359609e-001
1.77827941003891e+003	4.11609356472262e-001,1.85994862615641e-001
1.81970085860997e+003	4.16314713019136e-001,1.85299083188698e-001
1.86208713666285e+003	4.20959756282397e-001,1.84492708829689e-001
1.90546071796323e+003	4.25540705078974e-001,1.83579600017586e-001
1.94984459975803e+003	4.30054027918948e-001,1.82563760969624e-001
1.99526231496886e+003	4.34496449047174e-001,1.81449320383065e-001
2.04173794466951e+003	4.38864952767632e-001,1.80240512082634e-001
2.08929613085402e+003	4.43156786086633e-001,1.78941655740478e-001
2.13796208950221e+003	4.47369459727897e-001,1.77557137826267e-001
2.18776162394953e+003	4.51500747587713e-001,1.76091392934163e-001
2.23872113856832e+003	4.55548684711651e-001,1.74548885621042e-001
2.29086765276775e+003	4.59511563885577e-001,1.72934092876986e-001
2.34422881531990e+003	4.63387930942991e-001,1.71251487334888e-001
2.39883291901947e+003	4.67176578897880e-001,1.69505521311398e-001
2.45470891568501e+003	4.70876541017511e-001,1.67700611756610e-001
2.51188643150955e+003	4.74487082952832e-001,1.65841126175152e-001
2.57039578276884e+003	4.78007694045630e-001,1.63931369566926e-001
2.63026799189535e+003	4.81438077931358e-001,1.61975572421842e-001
2.69153480392689e+003	4.84778142554799e-001,1.59977879789679e-001
2.75422870333814e+003	4.88027989712616e-001,1.57942341433881e-001
2.81838293126442e+003	4.91187904232562e-001,1.55872903066685e-001
2.88403150312658e+003	4.94258342893837e-001,1.53773398652666e-001
2.95120922666635e+003	4.97239923186983e-001,1.51647543758526e-001
3.01995172040198e+003	5.00133412004958e-001,1.49498929918873e-001
3.09029543251356e+003	5.02939714349863e-001,1.47331019980758e-001
3.16227766016835e+003	5.05659862132225e-001,1.45147144383918e-001
3.23593656929625e+003	5.08295003132105e-001,1.42950498328881e-001
3.31131121482588e+003	5.10846390183552e-001,1.40744139781396e-001
3.38844156139199e+003	5.13315370636286e-001,1.38530988258896e-001
3.46736850452528e+003	5.15703376141038e-001,1.36313824342848e-001
3.54813389233572e+003	5.18011912797773e-001,1.34095289859821e-001
3.63078054770097e+003	5.20242551699133e-001,1.31877888673832e-001
3.71535229097168e+003	5.22396919895002e-001,1.29663988032889e-001
3.80189396320557e+003	5.24476691797974e-001,1.27455820413613e-001
3.89045144994276e+003	5.26483581043974e-001,1.25255485809265e-001
3.98107170553493e+003	5.28419332817106e-001,1.23064954408333e-001
4.07380277804108e+003	5.30285716643185e-001,1.20886069613059e-001
4.16869383470331e+003	5.32084519652240e-001,1.18720551349720e-001
4.26579518801588e+003	5.33817540306588e-001,1.16569999625157e-001
4.36515832240161e+003	5.35486582587849e-001,1.14435898286838e-001
4.46683592150958e+003	5.37093450633471e-001,1.12319618946646e-001
4.57088189614870e+003	5.38639943810979e-001,1.10222425031536e-001
4.67735141287193e+003	5.40127852216157e-001,1.08145475927130e-001
4.78630092322633e+003	5.41558952579773e-001,1.06089831183254e-001
4.89778819368441e+003	5.42935004566150e-001,1.04056454753276e-001
5.01187233627267e+003	5.44257747445923e-001,1.02046219241861e-001
5.12861383991359e+003	5.45528897124623e-001,1.00059910138437e-001
5.24807460249767e+003	5.46750143508240e-001,9.80982300162099e-002
5.37031796370247e+003	5.47923148186716e-001,9.61618026789762e-002
5.49540873857618e+003	5.49049542416261e-001,9.42511772402485e-002
5.62341325190343e+003	5.50130925381491e-001,9.23668321213517e-002
5.75439937337150e+003	5.51168862718679e-001,9.05091789571126e-002
5.88843655355582e+003	5.52164885281776e-001,8.86785663996017e-002
6.02559586074351e+003	5.53120488133358e-001,8.68752838120673e-002
6.16595001861475e+003	5.54037129743219e-001,8.50995648467452e-002
6.30957344480186e+003	5.54916231377969e-001,8.33515909016228e-002
6.45654229034648e+003	5.55759176665686e-001,8.16314944525017e-002
6.60693448007588e+003	5.56567311320383e-001,7.99393622578463e-002
6.76082975391974e+003	5.57341943011816e-001,7.82752384349143e-002
6.91830970918928e+003	5.58084341366913e-001,7.66391274065736e-002
7.07945784384129e+003	5.58795738089871e-001,7.50309967190007e-002
7.24435960074981e+003	5.59477327188751e-001,7.34507797311546e-002
7.41310241300908e+003	5.60130265297143e-001,7.18983781775198e-002
7.58577575029174e+003	5.60755672080237e-001,7.03736646061397e-002
7.76247116628682e+003	5.61354630715339e-001,6.88764846943846e-002
7.94328234724272e+003	5.61928188437614e-001,6.74066594452889e-002
8.12830516164089e+003	5.62477357142469e-001,6.59639872675884e-002
8.31763771102661e+003	5.63003114036703e-001,6.45482459428291e-002
8.51138038202366e+003	5.63506402331101e-001,6.31591944831297e-002
8.70963589956070e+003	5.63988131967827e-001,6.17965748833065e-002
8.91250938133734e+003	5.64449180376458e-001,6.04601137712091e-002
9.12010839355898e+003	5.64890393253093e-001,5.91495239601433e-002
9.33254300796979e+003	5.65312585357430e-001,5.78645059073332e-002
9.54992586021424e+003	5.65716541323212e-001,5.66047490823555e-002
9.77237220955798e+003	5.66103016477850e-001,5.53699332494891e-002
9.99999999999987e+003	5.66472737667481e-001,5.41597296678564e-002
1.02329299228074e+004	5.66826404084065e-001,5.29738022132090e-002
1.04712854805089e+004	5.67164688091518e-001,5.18118084251202e-002
1.07151930523759e+004	5.67488236048179e-001,5.06734004832678e-002
1.09647819614317e+004	5.67797669123245e-001,4.95582261164078e-002
1.12201845430195e+004	5.68093584105061e-001,4.84659294475183e-002
1.14815362149687e+004	5.68376554199437e-001,4.73961517785143e-002
1.17489755493951e+004	5.68647129816381e-001,4.63485323177834e-002
1.20226443461740e+004	5.68905839343886e-001,4.53227088537139e-002
1.23026877081237e+004	5.69153189907572e-001,4.43183183772378e-002
1.25892541179415e+004	5.69389668115191e-001,4.33349976563044e-002
1.28824955169312e+004	5.69615740785172e-001,4.23723837650833e-002
1.31825673855639e+004	5.69831855658511e-001,4.14301145705619e-002
1.34896288259164e+004	5.70038442093470e-001,4.05078291790913e-002
1.38038426460287e+004	5.70235911742658e-001,3.96051683453231e-002
1.41253754462274e+004	5.70424659212185e-001,3.87217748458442e-002
1.44543977074591e+004	5.70605062702677e-001,3.78572938197264e-002
1.47910838816819e+004	5.70777484632027e-001,3.70113730780870e-002
1.51356124843619e+004	5.70942272239834e-001,3.61836633846365e-002
1.54881661891246e+004	5.71099758173567e-001,3.53738187091232e-002
1.58489319246109e+004	5.71250261056525e-001,3.45814964554334e-002
1.62181009735891e+004	5.71394086037753e-001,3.38063576660623e-002
1.65958690743754e+004	5.71531525324090e-001,3.30480672045276e-002
1.69824365246172e+004	5.71662858694585e-001,3.23062939172577e-002
1.73780082874935e+004	5.71788353997551e-001,3.15807107763540e-002
1.77827941003890e+004	5.71908267630553e-001,3.08709950045841e-002
1.81970085860996e+004	5.72022845003650e-001,3.01768281838662e-002
1.86208713666284e+004	5.72132320986241e-001,2.94978963484155e-002
1.90546071796322e+004	5.72236920337878e-001,2.88338900637039e-002
1.94984459975802e+004	5.72336858123421e-001,2.81845044922438e-002
1.99526231496885e+004	5.72432340112926e-001,2.75494394472169e-002
2.00000000000000e+004	5.72441929524755e-001,2.74848296809489e-002
